52997
61075
36070
16379
3252
6616
16188
7340
10945
71538
77634
5128
64773
22862
28694
1558
52008
94423
17110
19365
49724
89198
73135
49002
10662
19767
87075
94954
49532
82560
15623
47401
66467
62016
12556
78336
40953
51903
96254
85173
91763
62793
99042
69435
26236
57021
91472
43287
95730
15483
38447
2481
33131
94217
23491
90699
73023
72946
72466
7337
45452
32651
18707
78456
90177
24698
77796
18900
59878
10184
42090
62544
67995
54884
62668
27157
89723
62558
59463
10549
43115
17368
89138
85481
61356
84736
4669
72224
16959
89278
60592
19729
73977
48227
53537
19021
25271
89324
38928
5739
18468
23225
31630
82689
86446
72216
80850
7788
76003
79402
7712
47996
11852
35524
7750
95601
42130
64156
49894
79664
86347
292
48605
82482
47023
82177
46406
88591
52197
51747
20366
52148
67620
25128
17962
67441
54596
51416
35279
66842
52325
25286
73649
50678
31993
56999
49589
74308
4009
31972
87314
79121
59428
11311
93093
56199
91984
34589
96391
74105
78078
86620
43980
85504
88671
81099
50123
51313
69222
95726
38426
85562
51660
65775
59135
29374
55819
6088
29381
8254
96863
85045
23307
13288
39916
18344
34014
73940
33469
85260
39902
57768
9069
95539
34268
40724
56393
51221
18905
40578
70005
54398
19967
95625
16939
9284
57519
930
92701
54975
88942
85234
17360
43871
50780
23037
73113
49986
43619
28426
40
51223
40237
69894
47723
80187
48534
78720
26976
79222
27653
97352
18146
27091
38207
28851
70292
27094
5682
3581
68966
59377
89856
75144
59460
3849
82467
94000
87023
34306
376
84252
55952
69264
2126
66730
15355
40479
32062
29860
51018
6240
88068
48675
99982
93260
16509
91910
7283
98372
61093
37295
12756
19193
31152
35936
89896
11555
9232
28148
58467
90746
87896
15089
57892
3440
11287
33290
99403
97707
98293
62423
11513
9601
41004
20596
55593
66556
4716
66027
16154
80197
3856
29093
63898
64143
91978
44579
48670
66003
83373
40376
4189
47013
18861
65894
36714
77601
98975
11190
25794
42683
34002
76054
86840
66581
2273
97253
32420
74216
65580
31692
22058
2570
63765
23390
8759
64417
99278
53012
74536
44925
26915
80083
96980
80976
83951
40115
4178
32909
31534
51477
56306
8884
29471
20223
38753
43181
33443
4952
63877
61464
86187
18363
56299
88442
72351
97325
40116
66319
20467
69100
55492
56033
64919
77758
6782
87558
25764
11900
84692
10354
24945
92462
10929
70599
33666
37685
25363
7893
37639
21257
72965
20896
14381
79177
50570
98726
39933
1088
42017
52906
81107
62598
4263
13291
83776
16556
66806
70631
37747
63301
72047
58280
84379
62550
15233
66070
34415
32930
39134
70470
80347
9063
883
46886
20193
90657
56193
2324
57673
23260
99643
29640
7583
96099
58796
38184
14515
28885
64643
59914
88119
46486
11154
64900
68748
8077
72728
45638
63578
65647
69865
45698
35211
75684
60644
14968
82262
77414
88357
71140
24620
81137
34172
35030
94778
81000
7742
85990
41094
17984
58381
52862
68798
70939
4787
15816
80254
46137
62226
44889
27231
69176
92684
42161
54833
56933
15687
86243
99267
61861
95352
104
99767
36070
62645
76273
98751
58450
40950
97044
33712
4511
17714
81564
69329
15675
45315
76540
78943
42417
60211
82795
60834
93968
81030
76016
66578
26204
83490
36763
26348
38914
52813
52189
79098
33790
82825
89904
54409
5315
24949
73015
7101
98118
90056
4638
75804
66441
71448
11
22252
14028
88192
84863
9410
76041
44647
9759
93373
28555
64183
11932
36532
75703
82957
28432
97642
69744
83063
27436
18186
65131
3443
78169
3831
94038
91659
24121
94792
77926
49967
59119
29561
57335
85076
31275
32724
30437
92570
15994
99506
39789
94164
5899
7163
36276
98817
62954
56519
79427
77160
66008
35718
4060
22794
65641
2609
94664
23718
27372
2266
60965
82468
4218
71744
794
4525
30037
35452
69680
21110
66206
61429
50535
24708
65952
31321
31311
73485
42975
74996
53711
64230
44028
34519
91849
82513
28707
51581
56133
13492
53957
17524
94752
37100
45654
85723
82779
37323
15119
22363
47230
26849
44526
63558
75334
25583
21911
54256
92816
34350
53841
67535
79182
13566
21816
41654
7789
10747
77048
26632
59909
80412
87549
2119
64040
5299
61275
14012
54417
58736
69603
78490
25945
44623
86505
19072
86716
13665
40525
34805
73842
82333
49037
45841
3466
74501
67251
26421
71668
64769
38025
14689
9360
27200
72823
83783
21352
83532
28958
69274
7421
878
73827
74310
71533
10513
42881
15717
74286
6546
4868
31826
73187
36128
45211
45921
25566
11270
66414
68018
99729
56464
82946
22017
51346
55974
57347
5354
74187
80031
84125
23869
26916
50074
78527
95916
71013
49830
68349
86607
28804
1152
18727
15617
85103
1440
42190
80127
11193
62877
59235
48228
85629
2818
78334
7525
22799
9370
58479
98698
97230
46531
2265
24404
69278
69221
2986
197
76169
90108
35328
6019
51266
77354
36004
4346
74006
65222
68001
14209
33096
27954
134
69087
6394
1409
62201
41063
22302
36649
55263
83640
69553
35014
6450
31285
64964
45154
58172
95008
72008
99089
72737
10201
86990
26583
15107
25476
74178
14916
48892
69367
36395
74629
43666
95566
53379
30889
45311
86725
6675
84812
5319
91888
36826
79440
99857
83269
46342
61006
94891
44351
70220
47711
29759
43170
84694
5441
98344
2190
14480
82686
4350
49302
28913
75385
55170
23243
88220
76481
37458
11149
12557
14717
86740
15955
98525
2490
23286
87014
524
93578
76923
98550
27629
98099
64611
27509
80581
14315
16318
64816
68054
14664
67120
92264
96511
66925
46408
70978
23795
80459
98727
16817
2983
42186
64990
83093
20135
47303
37683
31625
47199
35692
79174
49423
89656
16552
58315
60174
7418
993
17322
87255
27031
65180
28226
48107
43415
35037
36213
98594
30181
17642
15770
358
38973
4123
84790
54208
70363
34212
31656
28215
41465
43565
10815
10463
58772
11528
53470
33292
28620
89273
21735
48405
2241
16007
6988
80335
57551
24453
36129
49546
65609
95877
3072
35845
76110
49624
87023
47795
83338
42488
53993
74445
1658
9163
63427
22008
87957
96638
18014
79960
97333
32580
1413
18588
47918
20596
46047
93157
877
73718
61064
18602
32422
81534
29220
83102
86121
56094
50620
88860
45822
17071
71188
44083
62190
57572
84151
81424
99157
78631
34002
45049
40513
