739640
895689
177260
482218
246906
249
549668
183757
579245
303644
938348
725157
232363
337654
519120
462079
51589
385537
959413
361744
714601
372908
533862
497971
930430
652391
165491
237309
415201
795485
693655
755571
413079
345907
456068
568054
645134
985719
964594
956866
89358
718896
53141
535281
921821
486552
380849
701711
281958
93844
584942
404824
264239
450681
694938
466564
683984
906648
643598
691225
716841
895145
839843
126483
469450
192559
805011
136180
903080
845364
816226
394900
302527
221339
349237
520780
659323
700693
868040
825719
921312
238698
169646
581092
49915
403486
59814
272256
221895
521013
609151
546601
314206
243734
618887
947568
18525
200379
211770
71045
546292
381280
655880
480680
905635
567007
627829
575178
158271
417668
126683
613262
897517
806020
161055
270992
427782
599636
149242
431281
771427
375660
695869
386926
680629
486295
38420
276149
289909
483945
993145
363592
909235
162029
672224
729913
728098
370811
592715
39561
877754
327131
52662
319014
381807
352766
810913
96720
14574
848226
174540
831135
982169
837079
571428
284755
643035
600502
565444
389687
192609
762558
57750
194269
351113
683775
110218
680452
613939
173919
425494
598079
550866
344431
23207
974918
973354
886805
62881
630226
528418
185272
81546
844839
423097
450462
137653
322215
535266
495290
482773
712547
124600
865129
418715
266033
721687
781415
940061
631550
543859
761140
610766
423461
963029
834248
878334
941947
133833
996806
690227
351226
879666
909836
844558
695196
329651
882082
980714
361510
601403
859491
495486
992751
32404
485057
956372
387359
77099
289713
776137
633121
7306
728305
11322
572515
980308
84225
152290
711861
872001
232122
683524
855207
511705
870166
10279
69045
600804
111676
71321
65431
649079
260465
587364
728736
720651
185116
430957
305249
645689
954433
45957
724997
624542
299656
193340
631641
827739
28598
555003
958964
678257
732668
888345
311436
991782
999825
491768
981524
46131
874830
714922
167863
952808
492734
127340
846113
411657
652336
745303
788239
43816
593469
409110
426185
18722
395219
1583
612338
617642
221832
703524
841864
709224
108809
892956
170971
851825
103823
612378
890325
882878
355362
751893
994296
407300
176613
225944
624425
554989
202886
457536
959406
741682
507981
426202
474126
937956
948196
384593
96711
127946
62251
103472
555228
222307
571238
166016
124662
679262
894753
399707
59951
483038
127702
7740
232328
930781
606845
341747
873903
887038
536955
543769
879377
779145
143528
477807
813952
627383
472342
469886
632978
830507
265675
380481
131541
260274
310864
444267
311163
457840
278922
129538
175977
370414
349275
993288
952174
118318
851234
137806
362227
740588
743639
410799
379337
731546
1198
933408
837744
451239
879351
889147
380981
169429
589049
761644
492865
585819
128688
370232
774941
158446
892482
119791
209305
467695
202889
854880
877177
145133
99275
588112
491279
604387
555820
158799
144035
925527
798743
570344
873789
764932
546237
353425
7689
89385
804076
806958
752595
866137
315694
379913
174281
579932
887568
774462
530422
593523
589111
574572
904312
919928
260788
334031
223907
932718
855050
94020
44795
904849
881711
242756
925839
37107
632717
478332
832710
813938
920853
390773
767219
107491
782724
840479
739295
439926
968426
877572
273661
209564
68653
420328
874697
488206
814552
290754
260677
204968
426436
491478
722519
146217
884579
800531
662370
221719
648595
859231
223798
873856
661501
933231
938072
339784
440368
437970
479930
715662
677545
137111
951453
417581
54757
646214
594097
685585
906939
503740
466634
235199
963518
607655
420700
25097
641885
258249
655836
380105
271143
396441
242358
385440
183796
881718
263098
551129
828840
814984
643976
234794
931797
978984
318590
206499
255571
442594
103435
41126
700541
255159
548059
731717
323157
943194
68427
31535
349363
214126
871930
553049
412486
870422
538958
578840
54808
442302
638605
872420
997866
458380
425072
516217
808562
590956
486482
949482
366542
136327
199301
930647
972810
420343
979229
106645
30414
755591
613392
235982
975074
518961
408842
882858
536982
766979
498834
576375
474529
561187
411025
11901
636563
836967
920716
860890
581863
216596
287411
150996
12788
640961
204454
980049
964687
74226
179169
535492
33434
821894
604900
5111
920538
195081
486514
985428
228610
352451
637397
420855
749505
156150
178670
939737
453327
789203
340273
692656
8502
699225
888795
443885
941488
156927
988335
718631
479234
347791
938416
266721
708330
451394
26877
967637
931871
605286
685900
572317
8345
998911
245746
353899
16473
597992
843490
822583
805708
160890
462980
149059
864189
275858
657438
836440
464263
121737
237574
482414
230268
534517
95774
181324
114066
748327
380875
230140
260911
871794
438224
322815
401547
759358
286168
344259
215991
441981
912831
208158
580302
692868
345957
922167
729677
621154
273797
209466
149558
410177
976496
567460
440997
446823
465072
602388
497336
124561
19082
842881
76358
545189
764235
6014
255342
192915
537652
866138
316070
409297
51196
459812
322625
158710
282212
349392
26894
141356
96233
63358
765026
784504
337631
633191
692646
22511
11922
354666
47452
62298
727331
515628
124902
523361
263471
852876
306005
440020
991396
927509
785811
618479
881995
441095
617002
752420
8652
754311
305075
518239
775269
515166
469908
594640
582220
355713
23096
181217
280477
74152
901222
126767
558102
583471
642356
220457
353509
178308
996342
547629
496312
348438
319033
66868
39313
450333
716449
726125
164087
37485
776896
503056
117852
545669
257421
728367
370723
331132
275513
930851
70188
767644
397836
228918
913539
222647
514793
985821
759227
253228
543073
44401
654535
289402
807907
362053
469658
405193
422550
277772
997243
517277
104609
960482
201608
496443
647135
811525
283328
228877
696983
724043
362563
622319
583750
138119
878449
916354
689674
772945
252064
426638
254216
765902
966932
29612
566592
703320
983726
277254
215350
688825
324763
20680
436168
162559
739100
816932
627359
658205
590458
195020
787145
64593
497924
65305
967564
244852
803316
170579
836983
58410
639272
497692
96468
929798
228609
995332
804864
113092
58155
776580
633228
711955
739221
224127
691369
332645
692087
61520
847526
970945
273279
505595
396821
363909
602166
73243
524908
573405
137305
479912
260359
10832
3180
337770
512590
461048
174420
38197
351750
918375
887284
286290
902786
208743
67127
244322
97979
439351
135779
136598
60571
290923
294208
469921
76651
47460
263512
731869
953326
44571
511272
543371
58232
909810
190446
762543
488788
567099
374472
963536
629162
482209
684913
47124
818729
37368
76933
479050
977871
240497
373098
797638
815314
198156
117420
583917
675726
911213
459274
45573
177156
988342
70770
730217
534950
814867
551318
654050
872095
563087
379634
308694
875529
185105
236054
592017
873749
190307
437046
698007
783154
577049
298935
396259
398850
761696
479356
933431
190221
728087
732609
996979
102414
906602
59058
795781
861916
484398
928895
332760
937758
947026
117047
371346
619427
656496
698699
430672
638406
182028
923832
383611
382309
917067
14407
877302
28922
239819
409233
847550
862026
104392
619278
856507
621677
485826
650111
847279
988721
544617
898376
179651
206615
725005
535630
487825
403219
256182
655567
984122
391016
686685
879622
321829
596317
149653
691114
25897
296310
30226
499549
801930
527380
586276
324402
741949
868966
859774
31622
559633
804274
908498
256328
508275
512484
986387
501587
561438
756680
805772
415870
769309
997525
425817
920725
442997
984800
628892
685399
964534
857213
870238
426591
572108
215503
16172
649222
428039
724627
122186
738015
641295
547937
444724
759934
686827
319540
728997
943915
840784
420634
570132
567068
833650
41402
306038
895434
912636
882144
467799
902604
900136
375630
286989
720945
636828
997231
139241
167855
406018
570218
89476
233453
550062
470658
896629
116260
510223
289701
934327
249915
948081
820585
488831
776625
439606
203511
806738
92029
472275
683639
82265
411331
121123
715744
297621
788001
831359
83648
459820
654053
193211
293386
313429
744839
458900
746101
51148
221506
822159
100013
892721
910695
157480
790354
657584
843769
999256
892005
617772
696793
30273
381611
985002
307695
244491
384306
359483
178464
250817
174716
347864
757960
892594
542755
343897
344834
471765
631784
157756
650268
387193
510025
778578
416683
923390
545705
59698
1250
258865
122199
527160
502013
502635
351549
829489
829584
712873
223014
570322
108858
403482
57910
395392
932870
2364
232805
241492
284855
89418
880205
597420
394792
12807
679181
475544
403127
658794
907982
547517
467097
733456
646460
558782
863992
903837
388247
703915
720919
541618
350901
118482
232038
614122
456853
22937
611986
475510
298759
340285
578091
925253
399982
801539
854236
921480
734198
651709
45614
763573
777743
73871
246375
391377
334086
360070
911055
687643
991927
675127
845908
315854
356713
983095
657695
677310
129945
335984
635175
29384
701462
260495
832506
671111
166980
420893
73924
372759
586449
84798
705566
902825
858390
173514
182944
588875
801188
839708
1555
337927
904380
582572
53307
437565
741296
884281
222863
760747
218997
231421
925731
705270
682263
171191
333846
313102
385447
744586
234607
535329
999345
237372
825758
535183
629801
694577
261217
254665
290578
55323
431886
209491
895096
82247
290675
622654
609974
483342
12430
558583
847865
753981
417125
677955
267903
302984
378652
597427
899145
368991
391719
609082
905721
82022
75817
691141
571969
780008
157917
324498
801646
351183
394485
618889
797393
940640
968636
648019
614937
832953
129645
694732
971083
702689
229770
315300
25394
710723
857261
746198
852485
116698
464634
197190
975217
176561
747739
1368
638625
99020
43836
425737
470244
745891
185845
185245
794556
578677
575130
348624
147620
77365
716622
376198
472493
487306
97776
487809
66902
286189
86822
423255
601659
205457
475927
928172
431660
989221
401387
975031
980881
328535
635590
811921
198574
570082
664518
421073
955967
865669
539679
864561
781088
402592
224853
296394
513880
234778
45707
128200
304631
20792
894294
949991
875769
667124
40629
327968
120447
473850
760006
528118
920856
884631
497380
547339
535062
354115
959126
573098
23235
163254
347638
138133
962417
236613
935713
788460
133606
145676
315341
40975
955704
518267
949463
771169
187968
16606
105485
942004
825931
895107
855729
761752
175309
903984
592750
941599
804250
965772
426369
713077
446335
619345
904457
660911
955080
699566
730969
228585
95240
100643
542423
961991
297048
757367
347945
170744
496583
170807
938213
707269
838797
903655
425082
990519
329278
475317
86340
234198
486671
997951
859031
78618
669734
712072
149937
470816
31324
303938
113286
689328
986191
516842
183431
868029
670276
104558
444193
237683
116258
617573
366762
574380
773453
861358
554498
20780
559705
120844
395651
529095
848738
406363
943987
664001
668531
43733
922487
399181
914560
904768
476737
842938
566345
454399
192327
536367
736569
576719
934508
81785
879077
834637
268566
379656
635407
416476
575816
679000
609073
527714
492796
979277
822621
397226
970215
60999
734583
384734
73384
567825
471740
899836
627309
114671
366692
972848
947315
354346
981560
353831
190044
299499
545704
958566
309809
967183
138652
328860
211798
590061
9039
529458
456262
221335
136135
564959
786799
549695
512642
967535
831031
136123
655743
679864
553412
86116
537962
737578
427605
378944
470216
541676
839820
689750
466513
703701
934677
560891
273048
545148
971631
205586
554066
337433
272667
60026
692621
279882
10940
439309
286487
30600
415211
298076
697757
328706
446386
148512
949258
876278
640162
646345
851721
184533
603721
219755
492720
531110
604616
386621
121706
523961
796434
82259
25055
22270
888517
402853
200827
325905
485964
659009
515055
612336
901350
529381
549661
573545
971011
406067
536688
85378
296471
731510
614359
527872
375512
240844
137517
67529
287593
544195
928370
811096
954773
410144
162979
245314
511964
444627
54793
788230
989326
598742
618577
595041
334770
84502
576408
985092
786012
829282
901999
986502
739293
557745
590396
531046
555843
954280
987206
774305
197353
129485
414798
864722
188160
791008
892515
240076
164565
102043
463734
191039
190622
200045
14708
998851
94950
743740
498411
427776
314567
658268
161207
732909
119419
456276
710965
629993
635259
127081
362330
866348
782673
606487
348151
130578
106566
266638
795677
43673
483038
698248
831919
885198
859595
296869
404661
525683
509783
810303
583920
759942
764816
56069
43231
865935
822434
475813
10946
749927
27202
57838
228805
481069
966625
429391
358366
367164
833928
597162
835449
978275
771022
897410
388560
685943
324144
206402
309340
353182
719834
357377
91409
784045
400370
11979
238530
421445
145469
942126
883851
568034
151027
792538
359056
97331
635832
914645
5549
220940
903656
789373
329420
382552
300831
889292
67690
760583
178329
569885
855473
178663
792597
725195
961959
446847
60815
494866
997728
286276
223963
267612
586706
26167
765005
590383
743146
204391
379723
363035
97351
51519
404142
875044
173412
593117
865217
823818
638048
766190
240382
443434
811743
513062
86753
268109
761637
289613
932225
856491
980254
804678
208418
10866
994932
93543
549330
639608
249912
220848
479796
431747
256354
6865
374265
939251
315115
175973
579123
495647
82960
237298
760713
638861
874923
224875
866427
351659
873884
148302
567664
484826
352970
634767
691160
186251
607231
779436
939129
23306
538097
663583
148870
756443
737451
348483
448904
398695
477723
407955
931446
278741
230224
223597
879919
314493
206008
334109
165451
599643
941894
103767
157700
707377
138808
854962
383092
823472
800468
395873
207470
935244
217480
566712
20348
823326
495232
26620
754440
530017
133563
8181
86788
310936
631992
177626
336790
815994
216348
56222
901613
391192
560998
681948
50905
944505
815397
320438
40459
777139
334553
70332
798369
145686
260015
150525
887473
91217
501364
505459
54268
248126
727727
119493
437219
928512
694651
92472
426319
767182
603780
96073
240922
607831
221046
304067
524372
112743
163702
269566
641596
786346
107322
508434
909797
717213
660956
740434
692584
363618
311979
838312
144301
134510
151709
539902
404036
350765
58710
889464
207708
410854
638761
191864
211863
630558
498792
986826
804216
278118
366654
180360
813696
784232
159424
6637
326689
970541
349996
935918
766375
410789
885048
992817
498485
715567
467034
204037
489514
614575
228677
55867
962376
199604
700502
909088
569656
586911
500275
292597
336085
559474
357782
876923
509560
457560
929202
714938
503952
700345
352398
29470
317155
841813
647772
426132
164295
990914
878894
914587
578671
758978
452949
532580
901970
636640
63101
684471
910510
848038
553202
529625
305664
281787
419846
885892
934361
56281
757572
149561
899471
641076
200126
675537
170101
226670
813961
910133
908257
211718
959777
323747
491021
259734
853687
851827
126367
366612
931671
119921
35887
775766
149331
202215
409190
379490
33472
42882
722395
453109
642914
955656
557119
182783
592980
809472
756523
468305
951417
606608
611443
909007
123104
164664
782335
713901
806704
524857
831687
516425
728482
526470
566756
719677
136855
710935
873952
49789
975782
348933
363845
453087
245946
919994
939765
336934
309727
816475
353112
424699
799317
392449
914986
171997
346859
732882
796397
774402
571348
679638
768298
286062
629085
718222
807850
264169
162782
302803
728803
655990
669031
76955
881536
353160
144613
233661
12278
952234
369237
950539
571208
780941
335597
434853
115588
176410
147221
617788
966762
334597
170382
948550
948824
789406
348448
56297
861926
725537
365320
271492
324670
880810
779233
128173
757694
751747
338968
4756
574540
180447
441612
3395
96051
171294
94334
16515
311024
962794
802200
684056
368515
962852
519868
606081
606156
145058
177090
742775
994023
899034
316259
407517
105053
129706
64801
638570
110700
608305
6054
21084
844450
192216
509321
223462
676041
551271
733128
610820
795652
464841
825269
303093
520026
587112
809050
956526
401454
817157
267215
364645
245716
55947
213356
698434
626545
184190
475175
835339
121855
552905
504786
762849
290934
142884
778332
484784
361997
819700
850486
207044
705921
787713
688994
834484
434711
429468
130236
971678
882160
206205
168838
687747
299381
190665
322714
279036
829330
105151
499456
143319
712130
445803
630836
665358
716951
388311
839245
705983
996411
690800
53203
885545
915878
736359
798670
357437
922789
190729
358684
178524
190004
489879
615927
700719
592444
517751
671168
631545
557694
386177
765041
541449
468928
187005
121517
631704
592503
950701
78426
519197
952711
816244
273748
642961
182678
593833
715953
652231
143039
484992
282479
796944
19010
713859
562530
908939
681647
219009
988664
35813
330535
356872
886251
169207
822845
775841
410660
795473
637640
234415
339138
189035
124515
157236
337645
467402
542088
149620
632491
431658
404557
524213
982422
127399
823508
132645
468907
878477
857300
440559
900648
269511
361868
836178
562972
183061
474418
620535
633504
533431
655470
991795
832674
781512
164890
606578
780854
663650
953996
977949
93559
822468
218517
52777
461909
188636
276137
800376
837667
30033
7540
539903
370443
558327
831334
35695
929277
862907
70894
97774
881573
728225
615168
538985
299491
583000
975611
860740
917156
428351
197923
966122
971691
96818
599924
532067
526815
605374
975856
411655
999899
682889
732593
582998
391634
776164
404706
713003
152067
968521
132980
362281
707563
281072
984980
221748
420342
769174
446415
541934
155538
675210
18525
92826
690313
653714
619378
575036
915374
746005
405951
392364
151303
348847
709026
91326
930452
895329
4402
574979
279703
346003
231604
406383
880221
874463
315232
131292
477409
323955
444265
570179
567569
110188
521104
456459
697377
250459
204825
630777
678069
110288
142043
240487
638326
276182
304008
38961
118154
686736
829986
931120
340633
784217
414673
369580
389232
984849
71342
70082
265436
208454
52600
785374
704791
556698
817115
553448
188990
484094
193321
919092
807508
967045
310095
116929
494293
243581
439566
99646
693409
670095
628679
596864
692034
121245
883830
98118
700098
145343
716822
767670
252862
779922
60601
819370
666094
530797
919673
806568
83050
522848
632785
615064
118307
241852
294422
686340
225540
604092
706847
143857
694678
314109
215869
46906
618434
600824
921210
954560
259023
458413
46287
346506
992953
460691
702443
218037
415107
66385
889065
343267
242880
87581
333760
283626
376978
654740
695693
207930
847544
579068
730369
985876
402598
486673
245616
818523
180356
478798
66202
877354
247795
358576
768468
37766
784934
657120
646555
813336
347572
790397
228250
23982
950856
683230
671170
564134
681808
107889
538949
876292
171063
802113
782286
380860
532367
155063
231159
164891
312941
879558
542204
690403
588670
625096
339214
147167
585124
928543
234878
345390
108735
248001
528375
720458
632046
80254
636075
104932
92741
323320
731600
412224
338262
113025
646640
271915
676122
336136
815426
958409
174588
902491
933382
662637
199253
644677
44499
270790
168069
406212
972120
334553
660724
477793
364276
844075
827837
46077
137435
747928
511263
730594
771439
903545
608849
601746
733623
287162
995326
296526
291542
844015
745582
978424
111424
317583
497382
924160
333437
760900
537673
462243
265020
203481
599930
836990
439993
124162
419571
326540
553861
963161
810286
604506
704649
895920
396207
902303
443832
486808
163149
2833
373335
642509
676731
476068
412305
492936
156010
853217
401283
441765
588330
628559
411599
649201
724397
76628
984270
636319
102177
877338
535377
533372
214025
452778
333810
733676
553526
736753
782527
360219
556851
821826
215844
3872
387995
558466
63040
650125
108089
717047
22444
575479
16061
765841
840421
265184
851199
666755
396069
80740
107806
345472
55177
488575
927889
653760
675908
150627
909938
709134
223892
72988
700165
470634
685830
310590
417120
289437
858440
433891
801453
959072
633484
77777
479641
482467
599852
413414
883822
371630
140074
310528
179459
800689
711382
290627
18356
344120
670340
110889
56648
349402
825288
964005
955679
216941
882278
830966
18272
990020
87874
481849
703697
693630
666137
983864
11737
803460
97315
346455
129553
74913
892201
110021
794624
716932
278799
267797
542862
556541
136924
899706
383066
407385
591515
292530
467222
329184
906912
122450
10670
844921
712027
484066
57066
468673
130308
164225
680039
89436
88551
579527
866857
854865
935105
223110
638908
203782
510677
299338
929679
607417
983908
464263
362945
396720
89068
235259
352240
776746
884694
684954
877217
758958
789654
492625
883332
278461
447088
290454
498391
205544
916872
512574
162761
309541
803687
631557
329669
487906
190468
750057
607802
734547
665975
4515
90505
388806
310393
133400
144189
180153
234342
864172
113132
463507
154339
481197
238681
826257
531755
51070
587926
940415
2425
302332
940238
131984
180604
83319
389646
644499
433580
654886
886828
984832
892252
814002
66574
56743
788150
989737
484906
11266
188828
4903
824587
872945
341257
154616
718595
37023
126787
617338
588199
675107
581445
984403
295592
935426
41775
870866
470601
578731
239140
153448
86842
351970
584320
370667
234717
969281
959465
215706
67002
43482
565894
854368
577335
691097
763925
8443
212731
820115
384868
359088
318319
302047
695514
845322
65834
328475
51888
859501
826939
257195
291748
174635
918297
164149
84216
677684
267369
134764
780190
628461
826239
51924
788555
215534
495348
267682
140966
638538
909809
81979
701895
810539
688079
393982
430820
44631
646072
240318
209912
765685
39353
189347
13236
371172
111901
721744
612449
854272
101968
795076
589164
697946
383915
763639
155606
850432
609445
704758
172862
300633
552493
988845
799985
886116
859095
622920
407414
486946
56890
495912
744599
685349
988448
158955
864428
304187
298492
185015
975999
976517
727088
469586
222465
43967
739245
57793
362136
633477
455926
213164
468715
719899
942272
479422
60487
346271
655935
429076
518469
944028
261731
641180
259996
872222
78378
205544
896894
877788
138932
711797
526333
168192
218573
249091
377672
183260
211747
415865
270027
954790
925208
718970
723004
150520
694345
27597
106986
513305
227250
939819
919534
426855
734282
18207
130952
766147
710479
855840
554710
23626
703979
845199
367407
941579
25668
339767
228122
526560
633622
621844
928469
373517
360452
719921
142342
685258
242503
655125
638310
237185
956911
138616
267797
807690
275853
90434
148624
271404
6899
605217
726215
635469
104176
151298
813675
788288
507152
857109
287167
625678
792136
712424
844466
521150
906202
391879
122234
815030
94013
194329
511544
111369
625139
283976
211339
692154
82765
17855
415987
285026
784234
649139
45771
753772
369733
106835
98100
20078
717470
869878
522432
670561
122008
177198
503341
254847
107014
945275
173836
238470
334496
800792
75029
938621
819640
578398
128393
541293
63727
482213
493342
475126
777157
864610
445517
246
580409
236910
330157
859674
442871
694047
720074
236371
647785
408855
139247
60752
756090
231546
100712
921510
382819
716054
751376
446835
596734
87315
116604
43651
407224
762192
793820
309210
112058
41617
957131
262430
245392
502677
703845
781594
487533
436745
99037
280554
176234
403373
755674
707317
993910
599587
425591
406938
995967
280306
870475
254854
392492
908040
232282
737340
398896
58614
228897
332503
30666
364572
763583
628260
933190
939039
955693
102963
209702
790204
175313
389904
738715
710220
395956
148618
656865
2194
67126
373980
523935
195088
752495
88292
183868
588710
979664
882108
488923
69637
103892
696267
863693
143765
500898
570639
151504
542344
72767
824336
307822
75703
876199
277642
283573
632539
663779
677682
875893
352508
266652
447861
414605
35981
40900
245351
899828
797232
50170
581414
609407
815944
263484
936120
254458
796802
809910
382010
477118
408082
250679
720518
856666
537514
904552
530479
618513
677355
493691
329800
925105
130463
764943
259382
968632
15305
285453
312644
82490
240228
311661
154492
741755
715946
487216
360
632525
80054
138023
858924
935777
118575
101594
681386
593476
886846
353052
605693
602990
255762
171604
535854
320424
239229
228969
754487
344323
994811
775224
131014
798248
831982
47699
758427
734062
910970
135000
528280
937335
570102
790963
236609
632074
380679
112239
302704
454086
95792
568455
78193
590584
633122
605310
25633
168217
111657
928655
753832
812526
748381
621599
11356
798912
113384
446799
260222
368493
840462
42632
378495
591836
395181
234544
373544
629329
913475
351910
726951
359062
441275
265854
137592
121391
129259
844982
981155
763924
66728
663642
762360
261507
474720
91285
200435
932838
920872
341695
358869
678667
67174
667291
407256
726120
216625
646420
186026
79476
585964
430481
734134
249834
798989
892934
335280
864399
568654
853686
439985
440694
915994
940036
28866
951835
560051
189323
596707
806060
305386
198589
957421
517039
352365
483054
496775
651052
460317
717843
332744
602941
804767
706408
82615
374825
187350
244232
581490
809876
980644
527886
948559
668019
820026
397176
855572
521265
590813
492089
716141
693424
701303
356417
785058
372283
980995
626401
833540
581906
798128
705425
149343
918529
151814
744742
99925
825588
561437
325395
392369
711747
549610
967953
465502
400361
394858
484384
157693
239622
616353
230310
908038
699723
345390
516102
269165
436675
336920
791721
436643
611994
879365
732890
833001
723303
272043
25134
523588
322934
856941
467435
387052
779984
815181
998674
514949
675792
68431
387729
273012
513680
661624
622062
820851
170823
945746
479810
657392
923475
728087
376825
936093
936305
312217
342837
876998
822471
11095
899842
591941
253072
284104
690992
34727
622982
122422
939758
589866
464623
687044
206777
21446
642049
489879
455788
118005
354805
600747
140216
389734
634311
461730
878447
601140
325129
895201
298495
755282
509265
803011
801741
384954
953734
871673
320585
651711
439948
322033
626344
805366
768036
371792
381359
14618
820056
615367
923297
443720
313088
967994
719752
720596
776561
169565
537758
618595
847699
98604
635482
857043
194828
307921
702329
415049
250315
260838
848876
648515
463277
720545
679509
802038
966719
625016
368320
215429
394627
566028
702779
638826
81572
683255
259871
590864
30737
382984
235869
621150
845818
795931
963561
671283
288090
299747
819737
467923
241998
749181
50924
26918
650942
280512
26778
899256
419499
686746
568281
747624
369172
396188
291806
206589
81762
29412
360304
749975
867867
358253
639344
465697
157492
245349
18399
221387
325659
803894
576735
693365
337896
584622
348444
127033
628870
70710
672627
498511
311973
141149
502396
955367
158465
449254
590347
28530
781906
855406
168315
127991
116875
151705
595701
261650
590567
321135
463327
749689
351699
484946
808739
946080
543174
509360
424066
624385
883332
966329
718997
736722
755140
772971
239110
712810
593529
370411
733769
330241
608126
745183
617962
457662
781969
944938
778927
649266
646357
995118
941094
652049
547813
284362
221821
376507
995194
553822
85590
776973
203318
599171
635795
389562
134037
673985
70916
983660
176519
369316
175851
897212
105552
436638
919354
146506
110021
620006
584981
327963
493278
68123
375627
662419
112926
308169
100716
271637
749637
80609
380247
922345
372926
557843
781409
24774
706370
599435
441114
630755
585602
732792
21785
540644
349451
490563
297907
398869
907951
584619
277302
834642
190485
151425
523788
287411
393170
964663
266829
145841
816642
78439
958954
224668
113742
837956
173209
405496
451149
574480
120568
475629
429844
587528
611192
813278
606367
209587
983605
588003
110106
847335
382320
572006
161498
898181
777133
490875
261763
352096
286245
81680
446937
706091
690574
671795
277224
542313
508059
143578
167314
750643
634465
608086
254089
912767
351122
975206
245246
807127
450253
878135
595649
342757
334961
86881
917840
484889
213667
628461
748897
896380
927734
320735
667972
86354
526173
322341
287083
831115
432825
602903
822377
512253
939069
945768
793844
803008
799067
209698
898574
826331
904742
96533
255937
506726
374155
598539
32667
342821
899606
632196
921616
238774
870760
104421
70052
349971
613276
802747
831669
122147
64879
52708
151049
832892
348486
43727
480161
980699
995965
89020
873507
809023
26299
855580
311905
101521
688347
777011
364404
139480
441132
445048
13699
373587
663489
764810
842469
929584
660130
54357
806348
540976
762613
70904
503874
881840
711414
153993
194519
558932
49213
290255
813008
214648
955750
924845
881451
291049
810999
771416
530372
10034
786151
705504
805548
35867
930798
65448
59635
103678
549954
330482
505892
621150
145940
197395
945863
880519
837905
535147
273710
54137
965669
561121
606973
589218
534776
853151
796815
966045
266104
488277
630430
38770
276050
682133
254064
339101
832280
792182
217217
790529
205205
443474
66859
254387
366806
837400
605124
208939
176124
11891
764719
648779
734663
935794
553370
984258
795172
840646
671965
319263
463689
119839
220596
990536
947459
458159
372535
662908
770255
593973
18266
592146
701829
261795
159971
890777
629697
414774
271500
762147
739102
784616
929606
704054
661006
200728
769368
625751
698102
860875
219979
670673
845324
922394
536690
292184
84004
366034
360517
790734
347774
73722
409353
88220
633525
457088
932506
988973
962147
775325
245194
556665
281499
488974
391
522583
947993
610474
852473
833080
123360
32845
820425
542659
279634
244599
967963
264021
18065
672003
983714
297547
576630
129086
866701
380067
725996
501247
200673
716385
235244
840140
435411
586942
726359
505448
183937
361108
530417
853501
791657
187980
108627
243105
336750
985211
707800
805796
780729
601248
182540
510680
203867
187536
335367
543300
932315
884574
701213
913488
891998
899380
434142
508896
708983
931795
841868
518924
916831
693185
157572
268017
128494
953477
338726
17805
183657
151119
39071
224334
91997
105410
412593
69613
58631
781802
77282
825999
122
378144
391669
757417
737707
223474
178564
813192
489007
110858
168112
328258
370268
721884
726262
307787
368292
742837
884885
644776
644489
121175
296273
795888
93107
665840
497421
23860
791461
856055
788438
304036
352093
290641
104639
388103
215108
683530
493311
319860
603473
691023
193836
905848
204933
142480
863812
257957
641224
438508
193990
545593
438615
979359
11311
521778
523363
491102
982006
220552
231493
28308
195671
462302
444387
249336
236436
449148
739974
283949
828773
784289
383903
142889
783199
707205
575885
155149
761070
200871
613464
361071
327845
897649
538808
138043
870685
387292
393659
590440
218876
613472
423429
396577
224596
534550
443476
872852
136669
119754
108927
988868
331433
53745
13979
947206
852536
230522
387439
727667
255419
231892
648318
688178
452431
506227
238633
913182
610989
890005
960122
505221
669859
447618
507419
426569
707617
344211
12282
815110
222504
611799
191818
922358
364378
220693
128175
951319
297112
826247
798048
108100
163785
925225
217356
123504
577161
926565
469826
349507
164427
818099
947737
290381
457847
693776
848940
89383
341932
395216
346307
59274
342917
916903
874113
818614
277802
26113
660396
975616
167881
756647
975188
587503
865643
49732
561545
815688
544139
835932
369676
295726
54315
278686
23983
745870
168548
733092
418686
249204
897543
212816
459767
461694
392954
803498
249273
722154
429521
512825
942605
669971
98244
505388
100239
512613
136025
534760
602385
527279
267419
655694
98413
729716
40591
976122
522464
898098
902245
291640
422445
300997
675266
934403
721728
545856
177991
63903
61140
938011
455473
928807
53456
620190
980808
337096
623369
548548
228527
685952
103037
53684
222261
423385
906586
333718
15323
740336
416545
731379
575556
624993
180985
58203
214731
150332
642231
546322
527987
11387
396317
231934
790232
880514
416931
704457
894142
106932
768415
191496
208321
651075
79459
892110
184390
914782
452448
319534
148217
305141
542983
169377
473192
952792
259934
890435
252400
994736
908433
702681
661747
227247
626551
280576
437512
736200
650969
699779
279535
320163
287768
531417
535157
135837
461539
160509
219254
15967
369336
503721
282124
336564
75557
306552
49710
143321
849665
111172
929567
486351
670735
803487
801177
557873
601118
371696
990678
279241
666101
138429
367756
441729
467254
264735
896376
369708
4226
766529
921280
345406
83060
632785
578547
711156
248706
889606
981278
648071
395180
615456
250369
119336
78918
980213
35539
361821
89204
354349
903251
611450
14080
414398
855807
455815
381020
957033
289914
321738
448662
826451
903134
126013
879278
958381
413151
44322
331159
48925
467426
686314
475987
767584
789793
704091
68271
751190
435717
6881
472287
839087
9415
306400
486519
139830
833688
675424
396410
555748
357310
166382
933320
334142
534977
307222
220885
62504
521269
468636
849567
280027
782808
679673
935992
538810
651685
458077
395730
315553
418466
617151
686524
648147
294529
812744
963517
751477
961147
801943
928857
152870
966719
999316
655130
79994
933725
937060
315392
932685
393412
662159
62138
675006
78960
936693
263373
895032
676757
346642
926005
97190
360675
70102
415127
515653
915632
107536
512297
367140
894443
234714
446758
997632
45913
803261
780617
819875
202304
784213
932312
287188
920775
126768
682269
403981
436053
587408
220467
434493
900594
673833
167716
538683
463624
243654
530753
37807
471952
599551
735838
892113
963104
630607
726360
759210
665291
663798
607030
694068
918912
210100
470540
150204
290743
716466
852177
446535
164657
767916
723653
275474
261663
923224
59528
145255
867239
513243
787883
873088
525410
282604
371505
375630
96681
713589
356645
39415
370890
235195
973478
896223
876270
290941
275736
677046
132403
415711
366534
573164
357497
54943
973234
193990
559321
848729
6277
778718
14354
498890
765202
192443
371135
138873
139686
617312
1508
334293
494209
135390
767390
456222
922062
592298
70887
189828
207711
229345
912050
367729
146100
576724
691206
150422
833321
11487
661822
815429
165109
201412
264967
62275
57990
379485
57964
792216
842420
23611
587461
779589
868145
52305
351119
515973
609007
89505
942315
778797
457806
700247
578693
152841
961356
753872
478091
816056
461712
232532
964324
390388
981612
870157
760496
553806
720496
980691
658957
411493
712035
714251
644714
332157
34929
766052
593068
69689
465793
255256
862404
510894
616275
89604
459567
316778
406132
636516
967884
57890
189779
932515
96899
183476
975945
980195
538040
309689
958327
905588
791897
863888
9776
878682
770498
80051
883301
735940
271893
704573
610293
186108
874565
542250
989673
329173
405635
149004
121247
973255
899502
560884
652351
895340
882540
938187
778974
759134
894636
398995
70828
876961
389807
118226
874442
382517
545857
976277
389147
667391
56924
655614
507900
126709
683024
104150
168231
357810
187101
711037
268137
960829
302806
373480
167592
1121
545168
872460
418404
10896
1513
620738
643464
131038
721450
898296
421016
623982
962408
148358
620382
524637
341174
771408
882665
638741
892080
125100
843245
446666
138916
114765
252490
725563
550360
842175
366890
863879
167639
269501
854915
909662
768355
750938
990207
367690
661840
586168
89298
640362
99098
457906
991835
793411
324347
729974
878426
19869
495366
102902
874457
774381
56285
50774
697878
54810
659183
796088
74734
719235
399755
318601
768286
43816
957558
39695
845914
950624
212751
375520
242538
464442
48961
310193
770130
993646
345845
504581
469943
972684
615103
226721
607435
252281
340176
566660
669390
378399
842513
981535
438602
562107
416269
205957
593540
709892
548483
958258
308712
357584
273220
674949
16073
730955
95877
713718
828566
442168
467773
79561
124028
523647
491360
749159
440960
599570
392826
95354
147262
80
311561
746595
308841
534405
124895
455493
807064
456516
351721
196096
32381
880537
660063
761298
415951
533029
141329
589782
652007
265395
307953
416134
710682
192037
721311
608320
644407
668532
263252
733441
750518
578968
327272
975683
868547
562724
624312
519681
462754
878355
873345
907968
668735
575876
378374
682977
667573
528628
381162
332057
591759
662025
122928
668227
664225
408895
748495
299886
425128
19718
542756
769482
710591
860990
502080
274117
513456
246045
912178
620358
978138
660062
429170
210994
560009
464614
142039
413276
814319
297001
232338
616154
370453
415742
140969
648294
394429
185971
602068
999181
245833
747147
510433
462331
94967
660327
351666
402694
981819
993423
843130
839551
170515
870217
509012
931725
681237
982574
144242
253695
566185
945127
509697
459193
836931
657900
145084
543139
947652
34666
886068
933249
391977
553500
528681
69459
280811
90866
96718
962255
734289
411688
336799
460292
543084
505280
390944
603210
832638
680592
77969
487255
398413
964157
852714
529380
971127
880226
306027
879729
917968
134979
18668
2916
789137
75314
688706
125273
678602
47636
714686
328256
583799
943138
835814
557444
821080
283527
5554
712073
81996
174706
406524
281826
900128
335863
402256
705567
138949
197514
265304
741026
608305
754454
721437
654868
70402
458180
706032
969433
705764
938262
241544
835343
575454
753235
13811
838516
737905
689004
50203
195579
457047
346357
884029
843442
372964
889083
727339
886832
597163
860318
468183
231794
441572
917123
758592
3716
893749
181934
66008
525178
10304
664405
323542
211915
116403
868299
733440
734489
71260
265467
353284
188702
887856
792578
325936
819625
679705
906163
1890
52042
248276
17647
746698
194430
621796
322452
926266
204069
509429
135856
419315
327642
944438
853209
18968
264702
355730
563204
254372
740629
929280
160328
488479
21202
399207
526194
629532
952703
342909
979406
431497
569428
645418
729665
152660
174780
45253
514287
291754
72602
577352
943866
227477
802176
288227
338747
849905
813329
814333
999076
691310
7314
286664
918602
639016
464689
552978
926017
44452
983130
893550
117515
930177
756153
247225
230380
40665
637959
461601
299798
682781
960128
234463
539715
658362
792670
223213
893465
103990
874888
264806
110982
721994
180851
770813
526851
711927
229697
140532
937038
693180
802809
469643
102042
47125
687884
922723
440347
401100
434170
885012
418425
426752
873670
412133
992185
731698
339868
556045
209628
386166
98513
861325
745632
545211
494298
697955
707131
702307
712753
125091
520626
341561
858409
664881
93826
143475
258359
706207
729353
443151
514528
255307
460825
340016
848528
403537
580279
714577
709695
192117
130766
420449
449941
519530
49072
88799
108283
359286
460934
307571
993448
834127
354720
419310
804688
627267
489447
819060
488962
802129
929123
427813
896880
349088
37813
967118
570350
681037
118423
766959
671573
859200
133116
101678
146093
546404
104375
467659
701823
557096
863136
791712
81506
401739
784030
290514
407813
407747
27665
589168
88289
839979
596009
750895
881621
940869
199312
70063
247203
963565
531656
837189
26741
81073
57072
797277
839635
520161
819344
691761
313147
390907
105942
99559
413855
461040
20223
774147
698677
558841
145867
811297
261722
379165
523685
276029
517518
214210
103297
367569
731645
534008
680827
807496
386578
401156
88629
899010
53556
420127
64202
624151
430516
293602
792832
221032
601699
86535
592129
914573
376224
983280
586515
861917
770997
663899
505846
917678
317531
422851
934736
524325
892792
806589
437790
889505
200923
856146
990824
624743
865731
6621
59289
188962
333043
317560
482503
805408
427584
986509
45927
2055
460766
32634
253587
563229
243773
628079
348901
474144
224630
801844
74543
390254
238390
144250
10603
269744
36393
699645
585189
70198
843498
450840
12755
829417
681510
670788
482818
25566
92475
945407
895347
843263
197305
855946
319025
859914
733207
150171
134668
710575
827616
728685
518516
489764
786887
926032
518715
5153
104703
375798
483188
510711
228223
214740
8262
215840
359195
503055
894750
692258
712818
516217
821862
281782
208854
998369
579181
745904
527519
558093
733071
691973
826946
134447
546289
761009
189499
864466
818169
168590
40992
742922
67669
952991
369874
180921
142669
203664
562686
942021
906326
618358
67619
962852
124883
968621
899754
249792
61258
441127
209566
384098
564834
366204
750546
164914
640270
545148
102284
572946
576796
244338
932136
547138
724306
936880
411590
32509
913738
41438
142704
379377
336575
233122
595505
452535
421956
382716
108996
743479
879762
818273
966412
369654
614176
397002
919638
91712
654594
825602
808212
383117
599406
773617
595073
146009
323045
587105
224251
883037
857821
828835
194924
6971
429471
446449
641804
498181
598957
101446
13546
304697
342942
79550
148895
720331
691508
246979
664555
473446
234061
717309
89233
412260
402989
250088
105122
482167
949549
915042
591048
156331
437559
224657
900795
602941
897879
763133
955609
650778
10287
321131
281656
49353
309236
683440
81202
610681
946127
510632
790565
566824
483087
205985
348350
880668
41905
265362
574301
306949
886644
370470
642054
716389
179579
404849
618358
567855
217501
647127
436849
441774
929065
627550
476191
232624
793718
521458
120436
939120
628910
497354
293689
987802
884646
137383
981687
679036
183084
904507
179653
654031
845764
643330
538795
247269
62185
270501
223070
210835
170821
135795
133361
575454
247330
16438
707950
347590
824544
344910
966187
332815
105013
64435
326523
622705
469217
456546
561
185838
431218
391559
441560
563056
448397
715483
408818
882964
153056
905859
698620
285696
641049
704176
487960
371328
426227
164006
538981
473868
549394
441652
220103
402562
116564
700078
414057
789368
233730
697069
903552
334713
903958
985024
752068
53273
957527
162467
530265
87295
496943
286331
977754
777074
656068
379235
835508
456511
696211
947436
135905
876244
591920
562844
195460
247672
295357
856400
919496
648265
810507
720355
798572
931848
57109
123392
153204
347164
259084
705255
766439
783785
253358
236498
33093
936565
682380
104127
149985
708107
507237
215400
673237
853305
658191
99711
976733
210852
925549
532444
760081
863643
386212
704874
774938
223360
759825
820640
365299
344080
93387
12015
250378
735545
84277
638116
217951
568850
169046
352450
41562
445590
228955
808560
986704
836077
393136
510302
729164
883090
956358
107185
372908
514654
870796
385418
525440
712678
619804
311745
65307
343875
536589
749863
319422
175159
791832
888130
857161
567836
341641
992507
3665
873189
100911
830080
476565
736647
486993
996243
258335
358535
264751
422538
930748
256489
316440
542362
218411
227927
558484
948185
415123
20535
732124
886626
699787
684563
206002
606679
87888
702781
246189
401561
910052
772272
432735
166133
260934
546809
31753
429500
819737
739381
168148
116367
807868
731510
586499
740922
619799
239309
636240
343452
839910
645813
872149
242598
941132
324930
322317
595101
950457
654433
43115
830092
761879
443724
54341
256407
579100
186685
127603
529133
178341
890751
187110
205489
295854
230383
274453
320409
465237
426490
127573
768560
56410
562863
428993
292296
101131
16554
689546
43948
729168
301160
551187
16057
684773
900333
16121
114616
444843
603368
739374
288055
918166
445579
58039
918689
569426
603211
872848
633491
82112
495977
846314
797548
351274
909871
636600
216219
680043
168729
47397
990987
543117
255083
41466
49150
175901
309173
539142
599003
549760
119545
802984
649792
1854
59491
995870
779721
902262
420666
192241
535449
261638
248507
720813
202992
109375
593688
221977
202607
805283
559635
214209
29210
187019
648209
281243
485053
601037
683988
215337
932855
416582
32138
581888
435238
580235
915692
206771
940317
132818
385122
30147
123433
380921
896423
619137
101513
592131
513463
386634
999198
665992
466219
224648
264843
222026
168562
827993
709700
941642
827570
457704
475003
802495
460933
273516
519413
51902
479843
650832
763198
380146
991791
89985
725724
775038
631065
424265
349283
965827
34276
38035
714984
197603
44081
717406
525354
316546
346322
573315
553532
791921
524146
200500
740335
352460
447213
865726
258222
372776
504950
54767
655081
9718
439849
150021
140988
359097
440143
359281
187533
579931
710772
271041
871972
16421
957353
572888
817459
837068
89950
536878
155755
605906
981760
849439
670303
502536
302390
243244
165213
615682
286243
174602
149682
849243
793577
482315
127537
500315
175129
562573
138061
495419
260790
99354
706941
604184
258581
800919
35130
688978
472325
910369
78600
194518
524656
481881
153429
633195
206641
544109
838334
779915
166059
308378
240731
654489
393485
521666
142582
140087
868635
913026
148739
263093
789001
436965
723197
742636
518615
678428
917604
407381
766876
351435
671576
472640
535659
297034
795813
472646
57538
766125
136689
850815
288726
58841
964975
825103
517454
784556
331498
166052
301797
105219
989025
951900
260537
329598
492333
198102
206483
137151
257389
497921
733715
527631
685734
456188
648561
316146
941644
750157
568682
623296
607301
109331
605445
346137
235187
370431
291862
38098
767075
34170
821655
974618
895464
427255
224624
436154
705989
656052
319279
401322
358276
27601
155770
910363
137920
509179
190499
332701
943704
99371
618333
652282
161865
691596
129174
670513
923174
125339
852719
718978
938778
640785
408541
72773
467201
879360
788219
760158
477605
905673
262045
875370
743341
465604
624918
818835
425034
840806
874344
112613
683878
211627
848048
568836
3507
398496
439509
625006
192785
216033
756801
602404
492009
444702
993459
492513
811489
601525
839635
631204
894183
274442
977652
281615
112957
774114
578116
713994
688290
252501
741078
844424
343660
239285
511311
874254
803542
755240
437568
658141
82919
775879
642781
721048
217356
839253
25467
943139
939192
18486
522183
936400
818043
312693
326686
47962
552801
749134
583535
742473
427471
135014
352181
839497
424663
449041
572164
711818
128235
320930
350874
86626
340532
911222
142362
533993
289862
774368
289061
75626
410297
964729
957797
601816
938579
728190
717328
945598
991859
611309
876696
530541
365187
715474
232011
482213
19125
125249
53844
973242
115551
248134
988237
358050
503644
917210
41412
345678
758271
628648
971558
57809
229421
212808
220671
323922
74022
570695
985237
976682
910439
846743
146596
228044
561135
554469
560190
430163
330420
723242
637410
655119
401923
92452
244637
563572
234350
743612
691094
974843
284296
331431
980478
399586
991319
251665
560893
551042
723192
666540
523434
512050
298175
297823
571846
802353
776356
293108
113981
64349
443559
272652
510382
465364
299000
872090
856107
200622
901825
710636
669000
673476
131870
734867
510927
28110
276389
314951
878072
714793
867259
303197
662187
678902
862034
504037
106803
582308
87491
650097
460679
189374
345707
30730
465372
679659
220411
377427
404617
185594
415333
474754
690284
295754
406406
235983
862981
612983
296185
659347
444977
711536
21500
163847
298887
998498
484327
292795
17702
52162
751042
668804
399987
983639
196681
385666
248713
247900
358523
730590
572954
116543
307234
244521
768794
716995
544058
648760
509067
141456
788921
92884
881166
633814
537059
511952
777938
273860
930717
620249
668788
895531
317625
214336
656401
199542
849468
9910
159096
150643
611193
195018
649608
785878
65992
246391
628207
502597
50973
326195
411347
743618
164978
753261
376622
751804
152701
625824
20636
727458
808222
662114
558451
289333
996234
720603
821595
613665
620724
263493
896202
5546
758533
235039
283651
943056
719184
440543
363159
826986
492553
532380
589100
767598
902416
136169
165382
744760
796571
483196
905053
388914
773228
154487
605357
447738
268493
187393
546799
726979
311287
847346
659334
923819
889664
825436
489625
307284
666506
486699
350380
642562
732711
64567
936106
104754
192477
373609
249173
182456
637954
695794
895918
732690
989494
984669
684582
416112
752919
427439
985188
715030
476682
706621
496051
616664
79473
11016
902419
830207
762782
959944
409824
98643
423129
125236
288027
764873
835098
762214
371042
256634
389031
693903
924503
565788
836161
31985
413743
114963
319174
563490
484258
628144
947632
184009
900798
751723
315374
716186
282158
208608
650973
816547
215805
210412
742516
444175
739792
701365
384413
541566
238992
762450
856636
160941
518503
165445
865759
258601
189134
633883
452330
775385
528215
841614
600563
423064
663542
559527
674061
804520
269079
647099
345180
109779
958129
777859
385869
650538
212978
886455
544266
922520
999612
329917
744016
718028
181921
666826
12217
50350
471856
775497
867118
297116
930355
755898
378111
21523
968403
689932
748273
388326
388419
870821
63659
955737
253225
554730
803722
894926
273194
636385
813715
365522
961713
905351
702587
858558
24949
700720
48867
807549
323949
849408
372196
663906
275444
746817
559634
934623
742289
318575
323544
388222
305297
388138
311822
749163
305281
667470
691416
721451
197463
186604
382544
108933
569956
482816
633694
132765
643852
281237
296453
785819
194530
716141
984397
209275
612108
365748
281716
628424
253526
503310
304966
342705
329594
3329
215249
629262
317372
284169
728345
189807
291606
516963
276764
947341
628490
85571
240365
582298
250850
943502
581144
186906
955920
81087
292993
812110
395208
789817
308677
483128
960492
790662
893946
467719
170839
579287
102695
195527
152598
533508
567222
247342
457623
426915
754129
259892
774581
997514
829073
424789
54000
131350
442532
499500
189779
38452
73953
893738
678229
522101
53079
446401
610250
72264
14961
966225
943091
50214
339096
473554
245214
673704
73334
351129
11076
860705
949639
288603
202247
244628
361492
988424
887082
835021
591650
90061
723240
865200
154196
664994
555658
341814
846236
936691
587180
691307
992320
587777
419820
684314
408580
130865
761764
511453
813798
340034
748475
482571
771046
666683
635889
326424
756253
896513
89480
478859
618973
43630
415040
64998
525852
623291
855371
504513
458718
996550
511614
798986
476918
438083
538793
596491
247473
942729
12212
70879
796823
556787
264656
501933
44368
196858
553927
197389
440705
502060
636062
59001
952427
254658
191654
662162
710522
299695
81011
192282
870865
695955
88465
960943
622996
38584
156952
511042
827304
507982
111076
512478
460965
220052
520168
748593
909392
879684
662428
498433
152671
572333
517067
531077
65399
767819
333427
745603
373530
255988
604378
213938
293289
785626
205866
13713
514899
636022
55303
774354
987818
214845
888562
302062
914383
46499
658653
997927
465182
191875
618744
38327
992207
223437
367987
447906
934744
368838
10708
262771
188187
331744
107802
955219
437384
600347
283794
171168
843832
762004
193795
617598
519983
456748
51695
629705
424101
122874
74230
546084
665589
614617
5140
525157
723357
104881
349449
847187
748792
425304
69981
63601
950045
141397
276536
578982
35834
212288
872711
380966
834620
42584
216201
669427
498992
98146
595451
78689
155264
28067
728878
35179
464757
411893
552431
547763
325915
834149
277095
389197
865355
977494
70000
194458
941155
821312
741131
475397
613122
834324
502193
930993
422465
257821
205007
718666
867279
190344
463894
544449
160394
205185
719818
528488
212633
658799
613613
807189
797180
681272
1471
744486
19738
79195
567919
442083
544327
26854
269824
962145
506033
473354
779563
305810
679701
651358
686287
727014
267520
937314
461304
403518
618653
583619
96896
835644
300473
519869
887493
598123
203714
503397
37905
231573
782743
388521
655429
127537
107385
179460
210918
234612
134170
833625
738524
293097
492557
489989
884594
91734
125647
911516
413312
932472
325093
451118
929968
87833
56348
777391
392328
540347
983100
929358
446392
704640
268679
8732
744885
150149
57427
963709
185163
566081
520454
470048
437791
340098
487912
873231
227836
158351
983849
519719
578034
976876
429921
575860
626278
562987
890657
609731
689453
560182
495702
794245
961475
691228
93371
579061
605444
281457
265082
74391
28146
757933
61635
191521
809728
160069
210051
792890
102163
983346
83586
718822
307202
870231
427753
578516
497845
760983
691630
619650
356914
121929
826418
823975
372130
779933
582165
615527
649196
709157
658767
213580
982665
839839
548800
714249
758974
588721
547427
442636
856846
346852
198593
981671
957295
602914
396873
554327
578846
728835
470837
112625
713104
709320
836442
569864
151648
258100
227936
101759
467297
831047
88948
337700
141117
19955
437881
565064
511082
690667
409416
777572
59164
15350
717888
512882
50677
241130
488490
945170
692996
635890
258699
625173
790393
556958
465023
593194
337515
999518
399098
329817
616101
298973
442392
154600
137883
885119
370162
234746
211147
115863
653074
323805
999286
254362
978783
714664
686727
595852
665997
661633
770931
599026
249991
703166
558761
631767
281215
899786
661300
602117
297613
991011
653292
312773
6432
870621
91702
851045
942788
581340
772442
706059
259899
238012
445151
591150
849888
902632
202969
141768
694228
455079
417594
757842
199352
930156
399433
864435
285646
624570
928534
775662
166991
516718
424019
164223
83218
187669
798063
862520
729271
483482
975052
351243
762583
617016
647352
827407
564121
271634
86211
186230
378717
539721
729615
599860
66795
205690
828508
630858
962265
966154
648596
979450
750309
669210
597030
30982
853980
550282
171584
343595
549998
743714
814500
96082
921775
57353
594020
301956
801715
111567
133671
288191
54952
464692
362694
535713
913210
273636
470596
483587
580109
371394
914590
310004
998209
382468
450801
20539
493283
642702
938395
397788
992740
241808
100390
496374
652837
464844
515709
403442
23226
273202
864115
927159
327638
236113
848986
724348
45876
500499
282448
133275
745053
969968
533235
638766
26912
853004
909669
464155
533284
135948
578518
258271
183162
338083
305029
225485
202598
114165
640271
333031
52542
883999
178989
422139
59953
689164
164479
148213
413967
903746
26589
680119
201573
258942
404742
999797
326224
880682
829969
460812
477994
684882
518256
988070
805325
526731
662068
930805
576120
958414
197748
117102
909887
313930
273548
100574
612803
110158
546384
938462
254061
430118
994954
95307
884502
37341
152702
227470
217542
459538
536164
671156
667532
175280
572572
430261
372197
339129
515133
340183
213448
188688
675248
869945
894834
391299
797994
717298
334084
108604
560512
950140
985644
483962
982516
952464
220789
590723
3962
844164
561865
618601
606976
361443
392384
220906
637470
408161
746164
497166
916454
618377
916372
43646
321832
306453
919308
868564
268605
123476
297937
739284
418658
587387
356625
705539
510922
409093
681255
125744
918517
197962
717798
512710
911522
697483
257660
910577
632383
175529
909531
316561
475501
973502
25184
869085
903395
504822
90600
138154
728871
185551
294006
874321
545985
878627
838836
999355
302124
438029
582351
454733
969383
850345
749565
763340
895447
288589
797354
805238
692550
116755
985036
360183
457618
513470
845434
427507
707548
919242
544366
198292
660623
954189
66698
825249
398406
801767
273545
812473
2015
308874
137917
930259
972487
213885
885012
49416
117054
981517
338600
185029
611403
697062
506353
341373
132653
352438
324691
457692
798503
642593
527644
868814
145168
83226
804438
215083
529969
859393
766962
662840
154056
319450
760940
629703
366547
439947
223616
948140
33437
904416
115928
546358
532950
662696
938605
277261
373592
967253
979300
484264
521955
919143
731853
256988
274424
498610
878929
100389
910235
903960
835746
917602
422916
777242
615309
789827
342955
556375
694494
25805
36618
760771
635529
348969
894154
491123
448865
892090
505192
803897
71135
877266
259963
907242
875811
473339
812048
317348
834410
343356
491666
212995
802516
821427
68099
230842
417579
491346
225658
855196
264412
178619
739675
373349
289502
13012
617319
91225
926672
270533
402614
133934
34366
161727
435836
692014
538731
597464
104572
16453
626909
233867
27003
814285
441354
774825
667580
951394
488719
593498
101046
530309
395789
223524
512877
478144
220122
166118
552472
753495
254532
761018
840054
160953
152208
577237
769012
548059
243241
893855
242535
851886
113509
361565
136655
61076
873317
862469
91436
664043
55881
918613
697829
565184
754707
739018
269817
768321
434092
140464
169746
350232
828428
129042
89378
377013
483683
887509
779946
452141
788380
277719
471617
527505
791599
737927
626075
457269
711943
631512
725480
529376
804148
686684
516925
870557
168919
155973
503543
188166
166802
719843
501762
785738
328330
960496
768756
169091
40378
439958
544987
845890
832617
30799
853771
114006
788134
168334
53147
732615
458759
119913
944894
374871
678300
199938
211336
672123
835857
98456
572694
477023
496587
136740
336012
696509
738699
314984
941289
675526
213203
475266
701265
648491
726849
767193
178352
217872
98894
874140
545569
167906
148789
134752
837861
176338
934564
777405
216040
148233
780640
974550
237631
963250
208986
319397
657243
401435
618998
629143
463649
892463
449145
686954
701572
519385
597416
649174
123257
400319
77740
364743
868231
170177
246060
780553
179197
789369
442379
939491
627864
317591
564078
817175
446567
608155
910998
388886
339840
101993
624198
869964
584707
30301
178032
30952
319245
370960
679104
853012
666054
846234
175874
559656
740606
97896
789115
237602
653986
930781
236149
842543
335376
176944
240687
374906
371705
299945
395339
406178
90204
332443
275286
938112
794167
120136
989284
785171
403049
131249
898157
284792
745112
283132
931093
160576
404126
336164
786514
790273
331212
410060
317003
963425
398759
88783
566689
452795
695368
397673
254705
369212
639144
660023
979775
321245
921199
870206
58677
859071
882060
756625
705281
546239
170741
150090
207052
273454
439565
621905
862346
105340
387390
610809
704552
34087
679702
419036
458026
503190
146132
525181
746023
459972
184250
635143
302208
997335
483074
772339
825098
353231
20549
494494
158655
150531
786317
16699
682517
280569
834428
619066
151737
760305
80202
222191
738646
226132
721277
424763
698366
466559
284960
615045
904713
541546
82283
991584
484669
587993
283792
458397
917300
368921
922860
395994
256935
988127
879420
252007
590626
962592
300327
743808
446355
21712
972126
220376
631135
585389
877825
391852
897107
862304
541331
202522
908944
905208
791552
96689
217289
761779
262719
306718
330668
67673
288300
78686
522266
42580
842965
943468
708146
870662
840366
239705
589922
873473
404074
99987
267623
716483
694837
22713
697390
129588
499379
969494
693895
267480
64304
651563
658755
887533
593218
298569
853966
980849
416016
739253
833287
356365
86336
65879
594728
948455
566526
502940
123717
295184
219019
355542
259227
717407
538837
73976
234106
218149
434020
538415
816008
17206
389098
641261
706817
937690
31283
124583
746103
569213
459881
416195
508140
246693
196516
900334
82172
404251
767046
657495
182087
790447
735632
212901
244338
364089
477265
244182
841900
429126
97088
516253
567250
712622
683198
534993
518796
641599
514169
541209
662889
32500
933373
502521
637478
771333
349224
703164
13675
833008
223805
380351
637954
165190
971913
610714
440373
544964
408363
311484
13184
505876
753469
788441
339366
828427
234944
736311
282091
888846
9028
977156
833791
368988
464464
508448
667471
444435
970042
624887
233097
588432
779705
976683
498323
555989
118823
431863
445538
945543
441051
521336
606140
974794
467229
62814
238144
752849
896147
283308
234690
382576
611541
389841
488691
685065
800498
74094
232818
202346
645556
879147
824215
405044
156056
705051
549789
708384
263921
984906
290582
982988
524817
224195
302731
736137
637751
663563
947665
34722
524462
798815
935674
542809
894550
371829
534646
754806
63075
232176
239748
619435
284479
161664
599982
270256
19957
352602
254047
505206
364990
735527
740558
990674
329594
763210
316708
904839
785866
575175
844567
880551
675777
690591
785725
659762
506691
507281
482644
829534
252933
920702
199034
373909
528794
319178
841784
546435
301679
60260
893395
744891
473678
287980
846579
652769
375647
611922
351618
901335
589987
736379
362299
901585
546592
601524
797639
297170
21027
978402
624361
697398
4833
745667
808999
963635
414877
268396
288697
342979
762048
397923
966249
169802
209122
616529
747574
688795
413453
761956
808811
792382
172242
584093
605381
110886
166403
109823
616825
945607
33682
421883
458922
992941
592441
993751
788523
671963
284638
164933
376749
138382
809828
689660
832645
744552
481588
546902
722052
788207
53587
360719
245449
881874
634603
847369
213660
170400
840088
679213
791822
925804
512471
35345
369656
756669
183209
895012
960050
783540
946649
822262
728171
652309
569103
588904
609747
184321
466100
487728
489853
794955
646600
599093
82511
551670
845026
591335
476568
888027
840284
859133
294801
541970
395535
933790
550855
244622
343260
135581
582599
50138
87278
380656
890663
967663
196660
903646
317360
733179
826074
411990
763909
142062
412907
849133
562805
352407
473574
511147
697383
964692
349774
734929
292073
485115
439974
756040
184530
987945
792270
620358
934768
406468
931822
226135
326642
902658
449374
671637
273431
192403
186952
88463
52002
536187
822665
51759
958974
344325
278562
475926
807483
991413
653870
628051
164601
486367
320478
521186
867172
102457
408350
485708
147745
936003
155641
159411
652511
632886
501587
485574
739562
198803
859832
563164
708519
892203
225662
354454
31502
688088
642677
322710
230604
696377
582791
46246
778503
220292
977962
735033
286507
848223
482932
362157
288314
86799
45289
814834
127907
563391
12495
68302
816515
753034
815103
890797
236216
517759
731191
998959
736725
485597
359121
900396
997102
442002
204052
883755
5561
458219
218196
746544
148257
439124
225646
887083
691864
137314
909645
329336
394965
450738
443526
98009
589722
997925
906076
116196
837969
547859
337942
458966
184835
870821
667739
363688
108204
972013
764843
871509
493733
471553
560442
354286
352894
102425
519208
467417
545394
912228
741052
261376
467572
775079
625728
283417
524791
246792
342619
505772
218535
629424
313879
827815
847893
350609
541152
717038
150271
408513
884415
277322
687654
685105
336083
662876
422398
388350
924303
292334
720524
748264
126445
759886
970629
362233
577148
688980
113013
261763
414789
28959
636310
855870
826125
456192
17831
395512
220890
608595
159058
499049
996456
856088
99149
580400
37257
189425
177020
729645
934461
595950
856504
710010
408483
983220
629303
255744
570215
310082
766872
782098
466463
89658
205085
951671
820844
839819
514463
280609
3527
374150
733962
113685
41484
49977
827739
849010
915490
219985
662034
251156
480951
170019
693215
55736
96685
768090
8291
838964
449127
898227
965554
302508
118975
507680
445808
706934
153123
757153
643495
176317
276810
331078
402290
992074
409220
438627
331149
795865
830329
415991
324496
829397
687652
126624
654186
953217
528562
548523
501073
207113
197228
36238
650450
101472
744744
750199
88336
661970
966857
657078
404527
489222
805796
322289
233513
740523
130977
439345
445815
992578
347975
670712
440006
402115
875943
910877
679594
445550
780748
524797
569174
789355
754395
463451
870667
519566
190910
413187
123196
41861
324633
296607
949067
452892
268982
510167
703522
79069
322042
257296
657393
180762
89915
215689
789459
527869
819587
563612
309276
666980
830135
82389
231417
220866
84418
650910
678536
487774
752965
952869
103344
941031
87606
628568
288533
968699
44437
420521
808888
338546
874054
85701
621265
425356
331554
977187
585810
195594
249607
234079
15736
308714
965006
460924
803185
464905
492384
626564
275121
305815
398387
667160
695921
757819
45389
939309
252265
696642
245938
236526
431119
207656
397395
556034
933051
517938
850851
182638
650825
884173
609174
942642
787152
334746
446164
673116
885677
184886
192063
50460
405721
670459
240272
927117
484009
879046
295933
236383
695533
396165
9100
342671
950920
730040
413566
438216
149111
630051
26949
217083
841843
872007
58490
593473
960385
947674
418070
673713
605165
366444
123284
539940
5387
953851
260970
658381
18395
614587
875410
886254
957540
516976
27512
118701
112446
551348
797573
590808
57058
216520
188810
729623
728535
796589
729667
237248
303985
804523
69971
778447
102254
189511
19324
244836
94419
731828
285711
72621
119321
381941
638095
501983
569437
39870
338865
983569
137564
416309
470307
161212
196262
168775
213843
989859
519658
464068
231615
583840
351203
482563
47038
332975
271139
150380
724287
672665
923884
562241
206244
648984
428247
140803
386251
80931
212323
567550
361091
689373
90112
915800
340932
35859
628361
218168
376544
494342
239813
908824
404920
765017
982991
195132
111494
631824
748860
433782
760490
763823
371117
13274
454468
365535
209608
77630
250008
392448
925260
665443
178488
865308
490149
483919
499261
540410
957765
589297
447123
823014
156206
703037
326728
347138
261020
757454
53750
87340
154565
534950
145841
216784
585232
941768
726063
180705
402570
540216
317252
615572
563275
452523
77860
811606
178223
645055
658147
389949
602167
903323
40139
745658
455405
516255
565632
593844
510679
802460
853535
648631
578763
131693
461228
63293
882628
21536
954127
764738
922790
222259
513500
226723
505373
442134
334648
543485
429622
510957
845857
889179
313051
331293
213135
578339
170095
924970
686548
978757
654088
246607
91032
470512
322587
206468
167897
493558
892500
521688
532802
481133
214173
597933
731790
137400
612540
632804
249059
85095
318633
527802
348460
382616
946198
997458
315265
789851
355839
472182
5603
948176
793101
5703
608008
832451
887044
418444
174837
931452
952341
334947
790915
618091
50628
606460
212558
81874
435753
849071
432204
13459
332803
473272
902212
954787
482193
632596
85933
858162
517833
976973
595016
933769
42322
960720
418949
307514
212281
725578
656162
359704
753456
255973
715604
869958
587829
586674
173525
254883
673991
332300
342227
252421
237193
703617
135931
380422
296935
477329
3421
376861
287669
94076
537981
615269
612103
173621
872192
181311
166839
256685
118493
895095
236467
509683
925956
68677
664971
461599
689579
199331
882235
581507
70440
116593
188635
650732
263388
324652
682146
435445
883527
411602
350084
123447
433548
433173
141559
353178
61057
120940
286910
433504
718345
613654
736821
529567
896635
165223
356528
173016
822656
943980
429483
444173
377455
605297
99997
569220
25684
793202
615875
477221
728191
106547
619727
69833
151510
351432
281573
570790
484981
93934
765597
342772
829503
625853
380295
986015
431518
461058
774011
366030
1624
391145
706756
457071
979315
946513
254431
533469
883638
832589
783008
292737
824136
540816
667911
952342
837281
870149
527804
226306
960648
537204
692169
358295
860412
401801
728510
64631
387328
89572
117725
323646
652166
954392
585102
437081
83633
390821
169639
684719
460163
480315
845774
195202
91492
834929
399373
364018
166784
288277
303695
263845
783129
775989
541322
13015
321553
346443
674435
994558
647265
747525
978528
151337
76662
446232
123611
322016
175717
255350
712125
728132
232656
965065
964258
274274
682436
507252
979032
281405
851328
216309
293480
637616
137005
692794
912436
121082
142832
624749
587894
826796
344638
676500
889589
211612
584073
215816
527415
261436
54707
217721
461458
679865
475376
156896
566903
799374
829821
80443
8746
124122
392494
338976
25194
27736
757507
646341
518830
149926
240958
236917
711074
462522
336503
894343
128145
808592
869822
536628
355702
957473
119707
859994
324525
864137
451830
267442
371018
873015
945810
937897
954068
64429
87021
427944
703678
806057
841647
640514
427025
842323
336829
343562
804038
931413
927290
676608
767257
122573
645680
244187
979720
255648
905919
462612
399791
160302
857151
800101
653291
334117
970509
430191
821010
586805
281681
604503
293590
251977
209350
743301
545997
88470
22912
840915
40224
919961
842437
288006
977572
394601
519646
623735
290786
985695
870774
48345
91558
499915
510487
750234
770293
911328
970600
231528
82793
297507
878170
852273
852409
18267
714585
755742
366435
48054
80630
186018
151961
549801
452027
963846
579078
361044
125830
547937
658295
52379
430066
676239
474220
613810
297379
55361
928984
626345
987971
946187
856610
984152
87983
779888
113446
846891
906504
130875
950004
522319
47740
471915
825971
406023
244415
141483
842862
938157
504336
864573
137725
776315
244084
985559
906524
29164
362148
295353
207227
447235
138354
964962
330382
925277
437304
633699
318850
534823
940568
142677
168596
576141
35718
752854
348880
815499
549864
941765
542868
156654
731146
34237
928650
484790
753746
989733
895824
316566
550272
642631
824288
191753
959952
571611
439517
449918
21884
560465
302618
149869
739682
305015
193594
410096
797145
619478
502725
375199
514179
900474
257657
346283
798003
18030
82739
352586
966729
120301
212344
587095
100775
62359
661351
680666
12077
299303
793665
747175
11927
120052
823599
496487
405331
40588
235124
482529
43081
24021
710461
730515
322337
949772
922160
570390
742290
415254
461775
492795
493605
520857
253430
239384
588606
762640
32020
141069
723781
537058
853480
925783
406970
48125
148506
831611
878708
599870
531319
881627
10459
355503
431472
603577
672119
649651
629440
310492
26920
851112
945652
297642
833975
590995
657812
956691
117023
894712
702833
859708
492485
386197
357374
323685
40768
268845
884921
830463
851850
230063
587570
947489
279459
764929
807072
71577
497748
669372
682449
400848
170210
614396
890392
29306
912595
780257
169859
953971
759976
503142
163762
86300
32618
766786
998276
67598
836173
157564
64304
802382
928771
594033
665790
144194
840895
740477
556021
95087
943517
518916
895785
213029
625770
545191
836145
660739
865516
632073
753841
474945
254488
726022
148728
186854
974247
774079
350392
882588
310025
53519
475001
156640
36592
439264
523667
181874
413598
932700
120027
296380
587424
530425
147448
90486
912386
172564
465203
966486
76215
77713
958181
539173
943042
245163
406106
46988
711708
284968
45960
151636
328024
22531
245249
118261
86675
516794
403925
388781
11795
229720
59258
987753
914802
89648
180603
33124
993899
102260
810004
863508
461724
980225
529718
939120
965958
986295
719230
725254
502242
814424
202009
225212
109622
869696
676189
693845
885758
750171
273582
333363
762498
82419
697844
449842
41958
117391
655334
